0.99995 0.00499993 0 -0.0100002 0.499975 0
0.9998 0.00999934 0 -0.0200017 0.4999 0
0.99955 0.0149978 0 -0.0300056 0.499775 0
0.9992 0.0199947 0 -0.0400134 0.4996 0
0.99875 0.0249896 0 -0.0500261 0.499374 0
0.998199 0.029982 0 -0.0600451 0.499098 0
0.997549 0.0349714 0 -0.0700716 0.498772 0
0.996798 0.0399573 0 -0.0801069 0.498395 0
0.995947 0.0449391 0 -0.0901523 0.497967 0
0.994995 0.0499164 0 -0.100209 0.497488 0
0.993942 0.0548887 0 -0.110278 0.496957 0
0.992789 0.0598554 0 -0.120362 0.496375 0
0.991535 0.064816 0 -0.13046 0.49574 0
0.99018 0.06977 0 -0.140575 0.495054 0
0.988723 0.0747169 0 -0.150708 0.494314 0
0.987166 0.0796561 0 -0.160861 0.49352 0
0.985506 0.0845872 0 -0.171034 0.492673 0
0.983745 0.0895094 0 -0.181228 0.491772 0
0.981882 0.0944224 0 -0.191446 0.490816 0
0.979916 0.0993256 0 -0.201689 0.489804 0
0.977848 0.104218 0 -0.211958 0.488737 0
0.975677 0.1091 0 -0.222255 0.487612 0
0.973403 0.11397 0 -0.23258 0.486431 0
0.971025 0.118829 0 -0.242936 0.485191 0
0.968544 0.123674 0 -0.253324 0.483892 0
0.965958 0.128506 0 -0.263746 0.482533 0
0.963269 0.133324 0 -0.274203 0.481114 0
0.960474 0.138128 0 -0.284696 0.479633 0
0.957575 0.142917 0 -0.295228 0.47809 0
0.954569 0.14769 0 -0.305799 0.476483 0
0.951458 0.152446 0 -0.316412 0.474812 0
0.948241 0.157186 0 -0.327068 0.473075 0
0.944917 0.161908 0 -0.337769 0.471272 0
0.941486 0.166611 0 -0.348517 0.4694 0
0.937946 0.171295 0 -0.359313 0.467459 0
0.934299 0.17596 0 -0.37016 0.465447 0
0.930543 0.180604 0 -0.381059 0.463363 0
0.926678 0.185227 0 -0.392011 0.461206 0
0.922703 0.189828 0 -0.40302 0.458973 0
0.918617 0.194406 0 -0.414087 0.456663 0
0.914421 0.198961 0 -0.425214 0.454276 0
0.910113 0.203491 0 -0.436403 0.451807 0
0.905692 0.207997 0 -0.447657 0.449257 0
0.901159 0.212476 0 -0.458977 0.446623 0
0.896513 0.216929 0 -0.470366 0.443902 0
0.891752 0.221354 0 -0.481826 0.441093 0
0.886876 0.225751 0 -0.493359 0.438194 0
0.881884 0.230118 0 -0.504969 0.435202 0
0.876776 0.234454 0 -0.516657 0.432114 0
0.871551 0.23876 0 -0.528426 0.428929 0
0.866207 0.243033 0 -0.540279 0.425642 0
0.860745 0.247272 0 -0.552219 0.422252 0
0.855163 0.251477 0 -0.564248 0.418756 0
0.84946 0.255647 0 -0.576369 0.41515 0
0.843635 0.25978 0 -0.588585 0.411431 0
0.837688 0.263875 0 -0.6009 0.407595 0
0.831617 0.267931 0 -0.613317 0.403639 0
0.825421 0.271947 0 -0.625839 0.399559 0
0.8191 0.275922 0 -0.638469 0.395352 0
0.812651 0.279854 0 -0.651211 0.391012 0
0.806075 0.283742 0 -0.664068 0.386535 0
0.79937 0.287584 0 -0.677045 0.381916 0
0.792534 0.29138 0 -0.690146 0.377152 0
0.785566 0.295127 0 -0.703374 0.372235 0
0.778466 0.298824 0 -0.716734 0.367162 0
0.771231 0.302469 0 -0.730229 0.361925 0
0.763861 0.306062 0 -0.743866 0.356519 0
0.756353 0.309599 0 -0.757647 0.350938 0
0.748707 0.31308 0 -0.771579 0.345174 0
0.740921 0.316502 0 -0.785666 0.339219 0
0.732993 0.319864 0 -0.799914 0.333068 0
0.724922 0.323163 0 -0.814328 0.32671 0
0.716706 0.326397 0 -0.828914 0.320138 0
0.708343 0.329565 0 -0.843678 0.313342 0
0.699832 0.332663 0 -0.858625 0.306312 0
0.69117 0.33569 0 -0.873764 0.299038 0
0.682356 0.338643 0 -0.889099 0.291509 0
0.673388 0.34152 0 -0.904639 0.283712 0
0.664263 0.344316 0 -0.92039 0.275636 0
0.654979 0.347031 0 -0.93636 0.267266 0
0.645535 0.349661 0 -0.952558 0.258588 0
0.635927 0.352202 0 -0.968991 0.249587 0
0.626154 0.354651 0 -0.985669 0.240246 0
0.616213 0.357006 0 -1.0026 0.230547 0
0.606101 0.359261 0 -1.01979 0.220471 0
0.595816 0.361414 0 -1.03726 0.209997 0
0.585355 0.36346 0 -1.05501 0.199104 0
0.574715 0.365394 0 -1.07305 0.187766 0
0.563893 0.367213 0 -1.0914 0.175959 0
0.552886 0.368912 0 -1.11007 0.163654 0
0.541691 0.370485 0 -1.12907 0.150821 0
0.530303 0.371926 0 -1.1484 0.137427 0
0.518721 0.373231 0 -1.1681 0.123437 0
0.50694 0.374393 0 -1.18816 0.10881 0
0.494957 0.375405 0 -1.20861 0.0935053 0
0.482767 0.376261 0 -1.22946 0.0774756 0
0.470366 0.376952 0 -1.25072 0.0606701 0
0.457751 0.377471 0 -1.27242 0.0430328 0
0.444916 0.37781 0 -1.29456 0.0245024 0
0.431858 0.377958 0 -1.31717 0.00501094 0
0.418571 0.377907 0 -1.34026 -0.0155165 0
0.405051 0.377644 0 -1.36386 -0.0371628 0
0.391292 0.377159 0 -1.38797 -0.0600203 0
0.37729 0.376439 0 -1.41262 -0.0841916 0
0.363038 0.375471 0 -1.43782 -0.109791 0
0.348532 0.374238 0 -1.46359 -0.136948 0
0.333764 0.372726 0 -1.48994 -0.165805 0
0.318731 0.370916 0 -1.51689 -0.196526 0
0.303425 0.368789 0 -1.54444 -0.229294 0
0.28784 0.366323 0 -1.57261 -0.264317 0
0.271971 0.363494 0 -1.60137 -0.301834 0
0.25581 0.360277 0 -1.63074 -0.342114 0
0.239354 0.356642 0 -1.66067 -0.38547 0
0.222595 0.352556 0 -1.69113 -0.43226 0
0.20553 0.347984 0 -1.72206 -0.482897 0
0.188153 0.342884 0 -1.75337 -0.537864 0
0.170462 0.33721 0 -1.78491 -0.59772 0
0.152455 0.330911 0 -1.81649 -0.663122 0
0.134133 0.323927 0 -1.84784 -0.734839 0
0.1155 0.31619 0 -1.87859 -0.813778 0
0.0965645 0.307623 0 -1.9082 -0.901008 0
0.077342 0.298138 0 -1.93592 -0.99779 0
0.0578558 0.287631 0 -1.96073 -1.10561 0
0.0381419 0.275983 0 -1.98117 -1.22619 0
0.0182537 0.263058 0 -1.9952 -1.36155 0
-0.00173131 0.248696 0 -1.99995 -1.51392 0
-0.0217011 0.232715 0 -1.99136 -1.6857 0
-0.0414953 0.214909 0 -1.96373 -1.87916 0
-0.0608861 0.195053 0 -1.90915 -2.09594 0
-0.0795532 0.172913 0 -1.81693 -2.33593 0
-0.0970539 0.148269 0 -1.67338 -2.59536 0
-0.112797 0.120974 0 -1.46279 -2.86391 0
-0.126038 0.0910268 0 -1.17098 -3.12136 0
-0.135927 0.058688 0 -0.792787 -3.33616 0
-0.141648 0.0245724 0 -0.341844 -3.47057 0
-0.142643 -0.0103531 0 0.14478 -3.49475 0
-0.138805 -0.0449322 0 0.615947 -3.40279 0
-0.130527 -0.0780921 0 1.02682 -3.21629 0
-0.11855 -0.109065 0 1.35411 -2.97187 0
-0.10373 -0.137455 0 1.59643 -2.70474 0
-0.086866 -0.163169 0 1.76541 -2.43985 0
-0.0686136 -0.186307 0 1.87677 -2.19118 0
-0.0494733 -0.207067 0 1.94525 -1.96477 0
-0.0298115 -0.225681 0 1.98277 -1.76192 0
-0.00989071 -0.24238 0 1.99834 -1.58155 0
0.0101039 -0.25738 0 1.99846 -1.42155 0
0.0300427 -0.270871 0 1.98781 -1.27953 0
0.0498354 -0.283023 0 1.9697 -1.15317 0
0.0694197 -0.29398 0 1.94647 -1.04037 0
0.0887533 -0.303869 0 1.91979 -0.939274 0
0.107808 -0.312799 0 1.89085 -0.84831 0
0.126565 -0.320865 0 1.86049 -0.766127 0
0.145015 -0.328147 0 1.82933 -0.691581 0
0.163151 -0.334718 0 1.7978 -0.623702 0
0.180971 -0.340641 0 1.76622 -0.561668 0
0.198476 -0.345969 0 1.7348 -0.504778 0
0.215668 -0.350751 0 1.7037 -0.452437 0
0.232551 -0.355031 0 1.67304 -0.40413 0
0.249131 -0.358846 0 1.64289 -0.359419 0
0.265411 -0.36223 0 1.61329 -0.317924 0
0.281398 -0.365214 0 1.58427 -0.279314 0
0.297098 -0.367825 0 1.55586 -0.243304 0
0.312518 -0.370088 0 1.52806 -0.209642 0
0.327662 -0.372025 0 1.50087 -0.17811 0
0.342537 -0.373657 0 1.47427 -0.148513 0
0.357149 -0.375001 0 1.44827 -0.12068 0
0.371504 -0.376076 0 1.42283 -0.0944618 0
0.385608 -0.376895 0 1.39796 -0.0697222 0
0.399465 -0.377475 0 1.37363 -0.0463417 0
0.413082 -0.377826 0 1.34983 -0.0242127 0
0.426463 -0.377963 0 1.32654 -0.0032392 0
0.439614 -0.377895 0 1.30373 0.0166655 0
0.45254 -0.377633 0 1.2814 0.0355796 0
0.465244 -0.377186 0 1.25953 0.0535736 0
0.477732 -0.376564 0 1.23809 0.0707114 0
0.490007 -0.375775 0 1.21707 0.0870513 0
0.502074 -0.374825 0 1.19646 0.102646 0
0.513938 -0.373724 0 1.17624 0.117544 0
0.525601 -0.372477 0 1.1564 0.131789 0
0.537067 -0.37109 0 1.13692 0.145422 0
0.54834 -0.36957 0 1.11778 0.15848 0
0.559424 -0.367922 0 1.09898 0.170997 0
0.570321 -0.366152 0 1.08051 0.183003 0
0.581035 -0.364264 0 1.06234 0.194529 0
0.591569 -0.362263 0 1.04447 0.205601 0
0.601925 -0.360153 0 1.02689 0.216243 0
0.612107 -0.357939 0 1.00959 0.226479 0
0.622118 -0.355625 0 0.992549 0.23633 0
0.631959 -0.353214 0 0.975769 0.245815 0
0.641634 -0.35071 0 0.959237 0.254952 0
0.651145 -0.348116 0 0.942945 0.26376 0
0.660494 -0.345436 0 0.926882 0.272254 0
0.669683 -0.342672 0 0.911043 0.280448 0
0.678715 -0.339828 0 0.895418 0.288357 0
0.687592 -0.336906 0 0.88 0.295994 0
0.696316 -0.333909 0 0.864782 0.303371 0
0.704888 -0.330839 0 0.849757 0.310499 0
0.713312 -0.3277 0 0.834919 0.317389 0
0.721587 -0.324492 0 0.820262 0.324052 0
0.729717 -0.321219 0 0.805779 0.330496 0
0.737704 -0.317883 0 0.791464 0.336731 0
0.745547 -0.314485 0 0.777312 0.342765 0
0.75325 -0.311028 0 0.763317 0.348605 0
0.760814 -0.307514 0 0.749475 0.354261 0
0.76824 -0.303944 0 0.73578 0.359737 0
0.77553 -0.30032 0 0.722227 0.365042 0
0.782685 -0.296643 0 0.708812 0.370182 0
0.789707 -0.292917 0 0.695531 0.375162 0
0.796596 -0.289141 0 0.682379 0.379987 0
0.803355 -0.285317 0 0.669352 0.384665 0
0.809984 -0.281448 0 0.656447 0.389199 0
0.816484 -0.277534 0 0.643658 0.393594 0
0.822857 -0.273576 0 0.630983 0.397856 0
0.829104 -0.269577 0 0.618417 0.401987 0
0.835226 -0.265537 0 0.605958 0.405993 0
0.841224 -0.261458 0 0.593602 0.409877 0
0.847098 -0.25734 0 0.581346 0.413644 0
0.852851 -0.253185 0 0.569186 0.417295 0
0.858482 -0.248994 0 0.55712 0.420836 0
0.863994 -0.244769 0 0.545144 0.424269 0
0.869386 -0.240509 0 0.533256 0.427598 0
0.874659 -0.236217 0 0.521453 0.430824 0
0.879815 -0.231893 0 0.509732 0.433951 0
0.884854 -0.227538 0 0.498091 0.436982 0
0.889777 -0.223154 0 0.486527 0.439919 0
0.894585 -0.21874 0 0.475037 0.442765 0
0.899278 -0.214299 0 0.46362 0.445521 0
0.903857 -0.20983 0 0.452272 0.44819 0
0.908324 -0.205335 0 0.440992 0.450774 0
0.912677 -0.200815 0 0.429776 0.453276 0
0.916919 -0.19627 0 0.418624 0.455696 0
0.92105 -0.191701 0 0.407533 0.458038 0
0.92507 -0.18711 0 0.396501 0.460301 0
0.92898 -0.182496 0 0.385526 0.462489 0
0.932781 -0.17786 0 0.374605 0.464603 0
0.936473 -0.173204 0 0.363738 0.466644 0
0.940056 -0.168527 0 0.352921 0.468614 0
0.943531 -0.163832 0 0.342154 0.470514 0
0.946899 -0.159117 0 0.331434 0.472345 0
0.95016 -0.154385 0 0.32076 0.474109 0
0.953314 -0.149635 0 0.310129 0.475807 0
0.956363 -0.144869 0 0.299541 0.47744 0
0.959305 -0.140087 0 0.288994 0.479009 0
0.962143 -0.135289 0 0.278485 0.480515 0
0.964875 -0.130477 0 0.268014 0.481959 0
0.967503 -0.12565 0 0.257578 0.483343 0
0.970027 -0.12081 0 0.247176 0.484666 0
0.972447 -0.115957 0 0.236807 0.48593 0
0.974763 -0.111092 0 0.22647 0.487135 0
0.976976 -0.106215 0 0.216161 0.488283 0
0.979086 -0.101326 0 0.205881 0.489374 0
0.981094 -0.0964272 0 0.195628 0.490408 0
0.982999 -0.0915182 0 0.1854 0.491387 0
0.984802 -0.0865997 0 0.175196 0.49231 0
0.986503 -0.0816722 0 0.165015 0.49318 0
0.988102 -0.0767363 0 0.154854 0.493995 0
0.9896 -0.0717925 0 0.144714 0.494756 0
0.990997 -0.0668413 0 0.134591 0.495465 0
0.992292 -0.0618834 0 0.124486 0.496121 0
0.993487 -0.0569191 0 0.114397 0.496724 0
0.99458 -0.051949 0 0.104322 0.497276 0
0.995573 -0.0469737 0 0.0942603 0.497776 0
0.996465 -0.0419937 0 0.0842105 0.498225 0
0.997257 -0.0370094 0 0.0741713 0.498623 0
0.997949 -0.0320214 0 0.0641414 0.49897 0
0.99854 -0.0270302 0 0.0541196 0.499266 0
0.999031 -0.0220363 0 0.0441045 0.499512 0
0.999422 -0.0170401 0 0.0340949 0.499708 0
0.999713 -0.0120423 0 0.0240897 0.499854 0
0.999904 -0.0070432 0 0.0140874 0.499949 0
0.999995 -0.00204345 0 0.0040869 0.499994 0
0.999986 0.00295652 0 -0.00591309 0.49999 0
0.999877 0.00795619 0 -0.0159138 0.499935 0
0.999668 0.0129551 0 -0.0259165 0.499831 0
0.999358 0.0179526 0 -0.0359225 0.499676 0
0.998949 0.0229484 0 -0.045933 0.499471 0
0.99844 0.0279419 0 -0.0559492 0.499216 0
0.99783 0.0329326 0 -0.0659724 0.49891 0
0.99712 0.0379199 0 -0.0760039 0.498554 0
0.99631 0.0429035 0 -0.086045 0.498147 0
0.995399 0.0478827 0 -0.0960968 0.497689 0
0.994388 0.0528571 0 -0.106161 0.497179 0
0.993276 0.0578261 0 -0.116238 0.496618 0
0.992063 0.0627893 0 -0.12633 0.496005 0
0.990749 0.067746 0 -0.136438 0.495339 0
0.989334 0.0726959 0 -0.146564 0.494621 0
0.987818 0.0776383 0 -0.156708 0.49385 0
0.9862 0.0825727 0 -0.166872 0.493025 0
0.98448 0.0874986 0 -0.177058 0.492146 0
0.982659 0.0924154 0 -0.187266 0.491212 0
0.980735 0.0973226 0 -0.197499 0.490223 0
0.978709 0.10222 0 -0.207757 0.489179 0
0.97658 0.107106 0 -0.218042 0.488078 0
0.974348 0.111981 0 -0.228355 0.486919 0
0.972013 0.116844 0 -0.238699 0.485703 0
0.969574 0.121695 0 -0.249073 0.484429 0
0.967031 0.126533 0 -0.259481 0.483095 0
0.964384 0.131357 0 -0.269923 0.4817 0
0.961632 0.136166 0 -0.280401 0.480245 0
0.958776 0.140961 0 -0.290917 0.478727 0
0.955814 0.145741 0 -0.301472 0.477147 0
0.952746 0.150504 0 -0.312067 0.475502 0
0.949572 0.155251 0 -0.322706 0.473792 0
0.946292 0.15998 0 -0.333388 0.472016 0
0.942905 0.164691 0 -0.344116 0.470172 0
0.93941 0.169383 0 -0.354893 0.46826 0
0.935807 0.174056 0 -0.365718 0.466277 0
0.932095 0.178708 0 -0.376595 0.464223 0
0.928274 0.18334 0 -0.387526 0.462095 0
0.924344 0.18795 0 -0.398511 0.459894 0
0.920304 0.192537 0 -0.409554 0.457616 0
0.916153 0.197102 0 -0.420656 0.45526 0
0.911891 0.201642 0 -0.43182 0.452825 0
0.907516 0.206158 0 -0.443047 0.450309 0
0.90303 0.210648 0 -0.454339 0.447709 0
0.898429 0.215112 0 -0.465699 0.445024 0
0.893715 0.219548 0 -0.47713 0.442252 0
0.888887 0.223957 0 -0.488633 0.43939 0
0.883942 0.228336 0 -0.500211 0.436436 0
0.878882 0.232685 0 -0.511867 0.433387 0
0.873705 0.237003 0 -0.523602 0.430242 0
0.86841 0.24129 0 -0.535421 0.426997 0
0.862996 0.245543 0 -0.547324 0.42365 0
0.857463 0.249762 0 -0.559316 0.420198 0
0.85181 0.253947 0 -0.571399 0.416637 0
0.846035 0.258095 0 -0.583577 0.412964 0
0.840138 0.262205 0 -0.595851 0.409177 0
0.834117 0.266278 0 -0.608225 0.405271 0
0.827973 0.27031 0 -0.620704 0.401242 0
0.821703 0.274302 0 -0.633289 0.397087 0
0.815307 0.278252 0 -0.645985 0.392802 0
0.808783 0.282158 0 -0.658795 0.388381 0
0.80213 0.286019 0 -0.671722 0.383822 0
0.795348 0.289834 0 -0.684772 0.379117 0
0.788435 0.293601 0 -0.697947 0.374264 0
0.781389 0.297319 0 -0.711252 0.369255 0
0.774209 0.300985 0 -0.724692 0.364086 0
0.766894 0.3046 0 -0.73827 0.35875 0
0.759443 0.30816 0 -0.751991 0.353241 0
0.751854 0.311664 0 -0.765861 0.347553 0
0.744125 0.31511 0 -0.779884 0.341677 0
0.736256 0.318497 0 -0.794065 0.335607 0
0.728244 0.321822 0 -0.808411 0.329335 0
0.720087 0.325083 0 -0.822925 0.322852 0
0.711784 0.328278 0 -0.837616 0.316148 0
0.703334 0.331405 0 -0.852487 0.309215 0
0.694734 0.334462 0 -0.867546 0.302043 0
0.685983 0.337445 0 -0.8828 0.294619 0
0.677077 0.340353 0 -0.898255 0.286934 0
0.668017 0.343183 0 -0.913919 0.278973 0
0.658798 0.345932 0 -0.929799 0.270725 0
0.64942 0.348596 0 -0.945903 0.262176 0
0.63988 0.351174 0 -0.962238 0.253309 0
0.630174 0.353661 0 -0.978815 0.244109 0
0.620302 0.356055 0 -0.995641 0.234559 0
0.610261 0.358351 0 -1.01273 0.224639 0
0.600047 0.360547 0 -1.03008 0.214331 0
0.589658 0.362637 0 -1.04771 0.203612 0
0.579092 0.364617 0 -1.06563 0.192459 0
0.568345 0.366484 0 -1.08386 0.180848 0
0.557414 0.368233 0 -1.10239 0.16875 0
0.546296 0.369858 0 -1.12125 0.156137 0
0.534987 0.371354 0 -1.14045 0.142977 0
0.523485 0.372715 0 -1.16 0.129235 0
0.511786 0.373936 0 -1.17991 0.114873 0
0.499886 0.37501 0 -1.2002 0.0998517 0
0.487781 0.375931 0 -1.22088 0.0841245 0
0.475467 0.37669 0 -1.24197 0.067643 0
0.46294 0.377281 0 -1.26349 0.0503533 0
0.450196 0.377695 0 -1.28545 0.0321962 0
0.43723 0.377922 0 -1.30786 0.0131067 0
0.424037 0.377953 0 -1.33075 -0.00698711 0
0.410613 0.377778 0 -1.35414 -0.0281649 0
0.396953 0.377386 0 -1.37804 -0.0505149 0
0.383051 0.376764 0 -1.40246 -0.0741353 0
0.368902 0.375899 0 -1.42744 -0.0991356 0
0.3545 0.374776 0 -1.45297 -0.125638 0
0.33984 0.373381 0 -1.47908 -0.153781 0
0.324916 0.371695 0 -1.50579 -0.183718 0
0.309722 0.3697 0 -1.53309 -0.215624 0
0.294252 0.367375 0 -1.56101 -0.249698 0
0.2785 0.364698 0 -1.58953 -0.286163 0
0.26246 0.361643 0 -1.61865 -0.325277 0
0.246125 0.358182 0 -1.64835 -0.367334 0
0.229491 0.354285 0 -1.6786 -0.412671 0
0.212552 0.349917 0 -1.70935 -0.46168 0
0.195303 0.345038 0 -1.74052 -0.514812 0
0.17774 0.339605 0 -1.77198 -0.572593 0
0.159863 0.333569 0 -1.80357 -0.635639 0
0.141669 0.326872 0 -1.83506 -0.70467 0
0.123163 0.319452 0 -1.86611 -0.780534 0
0.10435 0.311236 0 -1.89626 -0.86423 0
0.0852428 0.302138 0 -1.92486 -0.956936 0
0.065861 0.292062 0 -1.95101 -1.06004 0
0.0462349 0.280897 0 -1.97344 -1.17518 0
0.0264103 0.268512 0 -1.99039 -1.30423 0
0.00645357 0.254759 0 -1.99936 -1.44935 0
-0.0135387 0.239464 0 -1.99681 -1.61289 0
-0.0334279 0.222431 0 -1.97779 -1.79723 0
-0.0530167 0.203443 0 -1.93536 -2.00435 0
-0.0720259 0.182266 0 -1.86003 -2.23503 0
-0.0900664 0.15867 0 -1.73932 -2.4873 0
-0.106611 0.132471 0 -1.55809 -2.75393 0
-0.120974 0.103595 0 -1.30088 -3.01912 0
-0.13234 0.0721823 0 -0.957673 -3.25581 0
-0.139855 0.0386952 0 -0.533326 -3.42758 0
-0.142826 0.00396661 0 -0.0555239 -3.49923 0
-0.140945 -0.0308951 0 0.42823 -3.45362 0
-0.13441 -0.0647492 0 0.867993 -3.30183 0
-0.123845 -0.0966859 0 1.23075 -3.07647 0
-0.110085 -0.126159 0 1.50695 -2.81495 0
-0.0939699 -0.152964 0 1.70412 -2.54689 0
-0.0762168 -0.177137 0 1.83716 -2.29048 0
-0.0573886 -0.198843 0 1.92157 -2.05459 0
-0.0379033 -0.218307 0 1.97052 -1.84213 0
-0.0180623 -0.235763 0 1.99415 -1.65278 0
0.00192051 -0.251434 0 1.99994 -1.48472 0
0.021895 -0.265521 0 1.99323 -1.33564 0
0.0417563 -0.278202 0 1.97784 -1.20314 0
0.061432 -0.289631 0 1.95647 -1.08502 0
0.0808723 -0.299943 0 1.93104 -0.979344 0
0.100044 -0.309254 0 1.9029 -0.884411 0
0.118925 -0.317663 0 1.87304 -0.798783 0
0.137501 -0.325256 0 1.84215 -0.721237 0
0.155766 -0.332111 0 1.81073 -0.650736 0
0.173715 -0.338292 0 1.77914 -0.586401 0
0.191349 -0.343857 0 1.74763 -0.527484 0
0.208669 -0.348857 0 1.71638 -0.473347 0
0.225678 -0.353338 0 1.68553 -0.423446 0
0.242381 -0.357339 0 1.65516 -0.377313 0
0.258783 -0.360895 0 1.62533 -0.334544 0
0.27489 -0.36404 0 1.59608 -0.29479 0
0.290707 -0.3668 0 1.56742 -0.257748 0
0.30624 -0.369203 0 1.53937 -0.223153 0
0.321496 -0.371271 0 1.51192 -0.190774 0
0.33648 -0.373025 0 1.48509 -0.160406 0
0.3512 -0.374485 0 1.45884 -0.131871 0
0.365659 -0.375668 0 1.43318 -0.105009 0
0.379865 -0.37659 0 1.40808 -0.0796798 0
0.393823 -0.377266 0 1.38353 -0.0557567 0
0.407537 -0.37771 0 1.35951 -0.0331277 0
0.421015 -0.377933 0 1.33601 -0.0116923 0
0.434259 -0.377947 0 1.31301 0.00864003 0
0.447276 -0.377763 0 1.29049 0.0279506 0
0.460071 -0.377391 0 1.26843 0.0463131 0
0.472646 -0.37684 0 1.24681 0.063794 0
0.485008 -0.376118 0 1.22562 0.0804538 0
0.49716 -0.375234 0 1.20485 0.0963475 0
0.509106 -0.374194 0 1.18447 0.111525 0
0.520851 -0.373005 0 1.16448 0.126033 0
0.532397 -0.371675 0 1.14485 0.139911 0
0.543749 -0.370209 0 1.12557 0.1532 0
0.55491 -0.368613 0 1.10664 0.165935 0
0.565883 -0.366892 0 1.08803 0.178146 0
0.576672 -0.365052 0 1.06974 0.189866 0
0.587279 -0.363096 0 1.05175 0.20112 0
0.597708 -0.361031 0 1.03405 0.211935 0
0.607961 -0.358859 0 1.01664 0.222335 0
0.618041 -0.356585 0 0.999493 0.232341 0
0.627952 -0.354214 0 0.982609 0.241973 0
0.637694 -0.351747 0 0.965976 0.251251 0
0.647272 -0.34919 0 0.949587 0.260191 0
0.656687 -0.346544 0 0.933431 0.268812 0
0.665941 -0.343814 0 0.917502 0.277127 0
0.675038 -0.341003 0 0.90179 0.285151 0
0.683978 -0.338112 0 0.886288 0.292898 0
0.692764 -0.335146 0 0.870989 0.30038 0
0.701398 -0.332106 0 0.855886 0.307608 0
0.709882 -0.328994 0 0.840973 0.314595 0
0.718218 -0.325814 0 0.826242 0.321349 0
0.726408 -0.322568 0 0.811688 0.327882 0
0.734453 -0.319257 0 0.797305 0.334201 0
0.742354 -0.315885 0 0.783087 0.340316 0
0.750115 -0.312452 0 0.769029 0.346235 0
0.757735 -0.308961 0 0.755125 0.351965 0
0.765218 -0.305413 0 0.74137 0.357514 0
0.772563 -0.301811 0 0.72776 0.362889 0
0.779773 -0.298156 0 0.714289 0.368095 0
0.78685 -0.29445 0 0.700954 0.37314 0
0.793793 -0.290694 0 0.68775 0.378028 0
0.800605 -0.28689 0 0.674672 0.382766 0
0.807287 -0.283039 0 0.661717 0.387358 0
0.81384 -0.279143 0 0.648881 0.391809 0
0.820265 -0.275203 0 0.63616 0.396125 0
0.826563 -0.271221 0 0.62355 0.400309 0
0.832736 -0.267197 0 0.611048 0.404366 0
0.838785 -0.263134 0 0.59865 0.4083 0
0.84471 -0.259032 0 0.586353 0.412114 0
0.850512 -0.254892 0 0.574155 0.415812 0
0.856193 -0.250716 0 0.56205 0.419398 0
0.861753 -0.246504 0 0.550038 0.422875 0
0.867194 -0.242259 0 0.538115 0.426245 0
0.872516 -0.23798 0 0.526277 0.429513 0
0.87772 -0.233669 0 0.514523 0.432681 0
0.882807 -0.229327 0 0.50285 0.435751 0
0.887777 -0.224954 0 0.491254 0.438726 0
0.892632 -0.220552 0 0.479735 0.441609 0
0.897372 -0.216122 0 0.468288 0.444401 0
0.901998 -0.211665 0 0.456912 0.447106 0
0.906511 -0.20718 0 0.445604 0.449725 0
0.91091 -0.20267 0 0.434363 0.45226 0
0.915198 -0.198135 0 0.423185 0.454713 0
0.919374 -0.193576 0 0.412069 0.457087 0
0.92344 -0.188994 0 0.401013 0.459382 0
0.927395 -0.184389 0 0.390015 0.461601 0
0.93124 -0.179762 0 0.379072 0.463745 0
0.934976 -0.175114 0 0.368183 0.465815 0
0.938604 -0.170446 0 0.357346 0.467814 0
0.942123 -0.165758 0 0.346559 0.469743 0
0.945535 -0.161052 0 0.33582 0.471602 0
0.94884 -0.156327 0 0.325127 0.473393 0
0.952038 -0.151584 0 0.314479 0.475118 0
0.95513 -0.146824 0 0.303874 0.476778 0
0.958116 -0.142049 0 0.29331 0.478373 0
0.960996 -0.137257 0 0.282786 0.479904 0
0.963771 -0.132451 0 0.272299 0.481374 0
0.966442 -0.12763 0 0.261849 0.482782 0
0.969008 -0.122795 0 0.251434 0.484129 0
0.971471 -0.117947 0 0.241052 0.485418 0
0.97383 -0.113087 0 0.230702 0.486647 0
0.976085 -0.108215 0 0.220382 0.487818 0
0.978237 -0.103331 0 0.21009 0.488932 0
0.980287 -0.0984363 0 0.199826 0.48999 0
0.982234 -0.0935313 0 0.189588 0.490991 0
0.984079 -0.0886166 0 0.179375 0.491937 0
0.985822 -0.0836927 0 0.169184 0.492829 0
0.987463 -0.0787602 0 0.159015 0.493666 0
0.989002 -0.0738196 0 0.148867 0.494449 0
0.99044 -0.0688714 0 0.138737 0.495179 0
0.991777 -0.0639162 0 0.128625 0.495857 0
0.993012 -0.0589545 0 0.11853 0.496482 0
0.994147 -0.0539867 0 0.108449 0.497055 0
0.995182 -0.0490135 0 0.0983824 0.497576 0
0.996115 -0.0440354 0 0.0883279 0.498046 0
0.996948 -0.0390528 0 0.0782846 0.498465 0
0.997681 -0.0340663 0 0.0682511 0.498832 0
0.998313 -0.0290763 0 0.0582261 0.499149 0
0.998845 -0.0240834 0 0.0482085 0.499416 0
0.999277 -0.0190882 0 0.0381969 0.499632 0
0.999609 -0.014091 0 0.0281901 0.499799 0
0.999841 -0.00909236 0 0.0181868 0.499915 0
0.999973 -0.00409284 0 0.00818582 0.49998 0
1 0.000907087 0 -0.00181416 0.499996 0
0.999937 0.00590692 0 -0.0118144 0.499962 0
0.999769 0.0109062 0 -0.0218161 0.499878 0
0.9995 0.0159043 0 -0.0318205 0.499744 0
0.999132 0.0209009 0 -0.0418289 0.49956 0
0.998664 0.0258953 0 -0.0518425 0.499325 0
0.998095 0.0308872 0 -0.0618626 0.49904 0
0.997427 0.035876 0 -0.0718905 0.498705 0
0.996657 0.0408611 0 -0.0819275 0.498319 0
0.995788 0.0458422 0 -0.0919747 0.497881 0
0.994818 0.0508186 0 -0.102033 0.497393 0
0.993747 0.0557899 0 -0.112105 0.496853 0
0.992576 0.0607555 0 -0.122191 0.496261 0
0.991303 0.0657149 0 -0.132292 0.495617 0
0.98993 0.0706677 0 -0.14241 0.494921 0
0.988455 0.0756132 0 -0.152547 0.494171 0
0.986879 0.0805509 0 -0.162702 0.493368 0
0.985201 0.0854803 0 -0.172879 0.492511 0
0.983421 0.0904009 0 -0.183078 0.4916 0
0.981539 0.0953122 0 -0.1933 0.490634 0
0.979555 0.100213 0 -0.203547 0.489612 0
0.977468 0.105104 0 -0.213821 0.488534 0
0.975279 0.109984 0 -0.224123 0.4874 0
0.972986 0.114852 0 -0.234454 0.486208 0
0.970589 0.119708 0 -0.244815 0.484957 0
0.968089 0.124551 0 -0.255209 0.483647 0
0.965485 0.129381 0 -0.265637 0.482278 0
0.962776 0.134196 0 -0.2761 0.480848 0
0.959963 0.138997 0 -0.2866 0.479356 0
0.957044 0.143783 0 -0.297139 0.477801 0
0.95402 0.148553 0 -0.307717 0.476183 0
0.95089 0.153307 0 -0.318338 0.4745 0
0.947653 0.158043 0 -0.329002 0.472751 0
0.94431 0.162761 0 -0.339711 0.470935 0
0.940859 0.167461 0 -0.350467 0.469051 0
0.9373 0.172142 0 -0.361272 0.467097 0
0.933633 0.176803 0 -0.372128 0.465072 0
0.929857 0.181443 0 -0.383036 0.462975 0
0.925972 0.186062 0 -0.393999 0.460804 0
0.921977 0.190659 0 -0.405018 0.458558 0
0.917872 0.195233 0 -0.416096 0.456235 0
0.913655 0.199784 0 -0.427233 0.453832 0
0.909327 0.20431 0 -0.438434 0.451349 0
0.904886 0.20881 0 -0.449699 0.448784 0
0.900333 0.213285 0 -0.461031 0.446134 0
0.895665 0.217733 0 -0.472433 0.443398 0
0.890884 0.222153 0 -0.483906 0.440573 0
0.885987 0.226544 0 -0.495453 0.437657 0
0.880974 0.230906 0 -0.507076 0.434648 0
0.875845 0.235237 0 -0.518779 0.431543 0
0.870599 0.239536 0 -0.530563 0.428339 0
0.865234 0.243803 0 -0.542431 0.425034 0
0.85975 0.248036 0 -0.554386 0.421626 0
0.854146 0.252235 0 -0.566432 0.41811 0
0.848421 0.256398 0 -0.57857 0.414483 0
0.842574 0.260525 0 -0.590804 0.410743 0
0.836604 0.264613 0 -0.603137 0.406886 0
0.830511 0.268662 0 -0.615572 0.402908 0
0.824293 0.272671 0 -0.628113 0.398806 0
0.817948 0.276638 0 -0.640763 0.394574 0
0.811477 0.280562 0 -0.653525 0.39021 0
0.804877 0.284441 0 -0.666404 0.385708 0
0.798148 0.288275 0 -0.679403 0.381064 0
0.791289 0.292062 0 -0.692526 0.376272 0
0.784298 0.2958 0 -0.705777 0.371328 0
0.777173 0.299488 0 -0.719161 0.366225 0
0.769914 0.303124 0 -0.732682 0.360959 0
0.762519 0.306707 0 -0.746344 0.355522 0
0.754986 0.310234 0 -0.760152 0.349908 0
0.747315 0.313704 0 -0.774111 0.34411 0
0.739504 0.317116 0 -0.788227 0.338121 0
0.73155 0.320466 0 -0.802504 0.331932 0
0.723453 0.323754 0 -0.816949 0.325537 0
0.715211 0.326976 0 -0.831566 0.318925 0
0.706821 0.330131 0 -0.846362 0.312087 0
0.698283 0.333217 0 -0.861344 0.305014 0
0.689594 0.336231 0 -0.876517 0.297695 0
0.680752 0.33917 0 -0.891889 0.290118 0
0.671755 0.342032 0 -0.907466 0.282273 0
0.662602 0.344815 0 -0.923256 0.274144 0
0.653289 0.347514 0 -0.939267 0.26572 0
0.643816 0.350128 0 -0.955506 0.256985 0
0.634178 0.352653 0 -0.971983 0.247924 0
0.624375 0.355085 0 -0.988705 0.23852 0
0.614404 0.357422 0 -1.00568 0.228754 0
0.604261 0.359659 0 -1.02292 0.218608 0
0.593944 0.361793 0 -1.04044 0.208061 0
0.583451 0.363819 0 -1.05824 0.197089 0
0.572778 0.365733 0 -1.07634 0.185669 0
0.561923 0.367531 0 -1.09475 0.173774 0
0.550882 0.369207 0 -1.11347 0.161376 0
0.539653 0.370756 0 -1.13253 0.148445 0
0.528231 0.372174 0 -1.15193 0.134946 0
0.516613 0.373453 0 -1.17169 0.120844 0
0.504795 0.374589 0 -1.19182 0.106098 0
0.492775 0.375573 0 -1.21234 0.090666 0
0.480547 0.376399 0 -1.23326 0.0745004 0
0.468108 0.37706 0 -1.2546 0.0575493 0
0.455454 0.377548 0 -1.27638 0.0397558 0
0.442579 0.377852 0 -1.2986 0.0210574 0
0.42948 0.377965 0 -1.3213 0.00138496 0
0.416152 0.377877 0 -1.34448 -0.0193377 0
0.402589 0.377575 0 -1.36817 -0.0411953 0
0.388787 0.377049 0 -1.39237 -0.0642816 0
0.37474 0.376285 0 -1.41712 -0.0887014 0
0.360442 0.37527 0 -1.44242 -0.114572 0
0.345889 0.373988 0 -1.46829 -0.142024 0
0.331075 0.372424 0 -1.49475 -0.171204 0
0.315992 0.370558 0 -1.52181 -0.20228 0
0.300636 0.368371 0 -1.54947 -0.235438 0
0.285001 0.365841 0 -1.57775 -0.270892 0
0.269079 0.362945 0 -1.60662 -0.308886 0
0.252866 0.359654 0 -1.63609 -0.349696 0
0.236356 0.35594 0 -1.66612 -0.393643 0
0.219542 0.35177 0 -1.69668 -0.441093 0
0.202421 0.347105 0 -1.72768 -0.492473 0
0.184987 0.341906 0 -1.75904 -0.548277 0
0.167239 0.336123 0 -1.7906 -0.609081 0
0.149175 0.329705 0 -1.82217 -0.675561 0
0.130797 0.32259 0 -1.85344 -0.748508 0
0.112109 0.31471 0 -1.88403 -0.828857 0
0.0931204 0.305985 0 -1.91336 -0.917709 0
0.0738483 0.296323 0 -1.94064 -1.01636 0
0.054318 0.28562 0 -1.96478 -1.12635 0
0.0345682 0.273753 0 -1.98424 -1.24944 0
0.0146559 0.260581 0 -1.99684 -1.38769 0
-0.00533574 0.245941 0 -1.99953 -1.54338 0
-0.0252874 0.229647 0 -1.98798 -1.71891 0
-0.045028 0.211489 0 -1.95615 -1.91648 0
-0.0643152 0.191239 0 -1.89567 -2.13753 0
-0.0828087 0.168662 0 -1.79529 -2.38144 0
-0.100041 0.143549 0 -1.64084 -2.64352 0
-0.115392 0.115769 0 -1.41652 -2.9119 0
-0.128093 0.0853625 0 -1.1091 -3.1643 0
-0.137287 0.052647 0 -0.716114 -3.3674 0
-0.142187 0.0183054 0 -0.255376 -3.48363 0
-0.142303 -0.0166444 0 0.232345 -3.48646 0
-0.137623 -0.0510403 0 0.695451 -3.37519 0
-0.128618 -0.0838518 0 1.09227 -3.17539 0
-0.116064 -0.114378 0 1.40383 -2.92452 0
-0.100821 -0.142286 0 1.63186 -2.6563 0
-0.083663 -0.167524 0 1.78927 -2.39358 0
-0.0652179 -0.190217 0 1.89189 -2.14865 0
-0.0459599 -0.210573 0 1.954 -1.92648 0
-0.0262347 -0.228826 0 1.98698 -1.72781 0
-0.00628878 -0.245204 0 1.99934 -1.55128 0
0.013704 -0.259918 0 1.99722 -1.3947 0
0.0336222 -0.273156 0 1.98502 -1.25567 0
0.0533812 -0.285082 0 1.96583 -1.1319 0
0.072923 -0.295838 0 1.94187 -1.02134 0
0.092208 -0.305547 0 1.91471 -0.92218 0
0.11121 -0.314314 0 1.88546 -0.832892 0
0.129913 -0.322233 0 1.85492 -0.752164 0
0.148306 -0.329383 0 1.82367 -0.678886 0
0.166385 -0.335832 0 1.79211 -0.612117 0
0.184148 -0.341644 0 1.76054 -0.551059 0
0.201597 -0.34687 0 1.72917 -0.495031 0
0.218733 -0.351559 0 1.69814 -0.443452 0
0.235561 -0.355753 0 1.66757 -0.395824 0
0.252086 -0.359488 0 1.63751 -0.351719 0
0.268313 -0.362798 0 1.60801 -0.310767 0
0.284248 -0.365712 0 1.57911 -0.272646 0
0.299897 -0.368259 0 1.55081 -0.237076 0
0.315266 -0.370462 0 1.52312 -0.203814 0
0.330362 -0.372342 0 1.49603 -0.172643 0
0.345189 -0.373921 0 1.46954 -0.143376 0
0.359754 -0.375215 0 1.44364 -0.115846 0
0.374064 -0.376243 0 1.41831 -0.0899031 0
0.388123 -0.377018 0 1.39354 -0.0654169 0
0.401936 -0.377556 0 1.36931 -0.0422694 0
0.415511 -0.377868 0 1.3456 -0.0203555 0
0.42885 -0.377967 0 1.32239 0.000419232 0
0.44196 -0.377863 0 1.29968 0.0201399 0
0.454845 -0.377567 0 1.27743 0.0388831 0
0.46751 -0.377088 0 1.25563 0.0567183 0
0.479959 -0.376436 0 1.23427 0.0737082 0
0.492197 -0.375617 0 1.21333 0.0899101 0
0.504227 -0.37464 0 1.19279 0.105376 0
0.516054 -0.373512 0 1.17264 0.120153 0
0.527681 -0.372239 0 1.15286 0.134285 0
0.539113 -0.370828 0 1.13345 0.147812 0
0.550351 -0.369285 0 1.11437 0.16077 0
0.561401 -0.367614 0 1.09563 0.173192 0
0.572265 -0.365822 0 1.07721 0.18511 0
0.582946 -0.363914 0 1.0591 0.196552 0
0.593448 -0.361893 0 1.04129 0.207545 0
0.603773 -0.359764 0 1.02376 0.218112 0
0.613924 -0.357532 0 1.0065 0.228277 0
0.623904 -0.3552 0 0.98951 0.23806 0
0.633715 -0.352772 0 0.972776 0.247481 0
0.64336 -0.350251 0 0.956288 0.256558 0
0.652842 -0.347642 0 0.940037 0.265308 0
0.662162 -0.344946 0 0.924016 0.273747 0
0.671323 -0.342168 0 0.908215 0.281889 0
0.680327 -0.33931 0 0.892628 0.289748 0
0.689176 -0.336374 0 0.877247 0.297337 0
0.697872 -0.333364 0 0.862065 0.304668 0
0.706418 -0.330281 0 0.847074 0.311753 0
0.714815 -0.327129 0 0.832269 0.318601 0
0.723064 -0.32391 0 0.817644 0.325224 0
0.731168 -0.320626 0 0.803191 0.33163 0
0.739128 -0.317278 0 0.788906 0.337828 0
0.746947 -0.31387 0 0.774783 0.343826 0
0.754625 -0.310402 0 0.760816 0.349633 0
0.762163 -0.306878 0 0.747001 0.355256 0
0.769565 -0.303298 0 0.733332 0.360701 0
0.776831 -0.299664 0 0.719805 0.365976 0
0.783962 -0.295979 0 0.706415 0.371086 0
0.790959 -0.292243 0 0.693157 0.376037 0
0.797825 -0.288459 0 0.680028 0.380836 0
0.80456 -0.284627 0 0.667023 0.385488 0
0.811166 -0.280749 0 0.654139 0.389996 0
0.817643 -0.276827 0 0.641371 0.394367 0
0.823994 -0.272862 0 0.628716 0.398605 0
0.830218 -0.268856 0 0.61617 0.402713 0
0.836318 -0.264809 0 0.60373 0.406697 0
0.842293 -0.260722 0 0.591392 0.41056 0
0.848146 -0.256598 0 0.579154 0.414305 0
0.853877 -0.252436 0 0.567011 0.417937 0
0.859486 -0.248239 0 0.554961 0.421458 0
0.864976 -0.244008 0 0.543002 0.424872 0
0.870347 -0.239742 0 0.53113 0.428182 0
0.875599 -0.235444 0 0.519342 0.43139 0
0.880734 -0.231115 0 0.507636 0.4345 0
0.885752 -0.226755 0 0.496008 0.437514 0
0.890654 -0.222365 0 0.484458 0.440434 0
0.895441 -0.217946 0 0.472982 0.443263 0
0.900114 -0.2135 0 0.461577 0.446004 0
0.904673 -0.209026 0 0.450241 0.448658 0
0.909119 -0.204527 0 0.438973 0.451227 0
0.913453 -0.200002 0 0.42777 0.453714 0
0.917675 -0.195453 0 0.416629 0.45612 0
0.921786 -0.19088 0 0.405548 0.458447 0
0.925786 -0.186284 0 0.394527 0.460697 0
0.929676 -0.181666 0 0.383561 0.462871 0
0.933457 -0.177027 0 0.372651 0.464972 0
0.937129 -0.172367 0 0.361793 0.467 0
0.940693 -0.167687 0 0.350985 0.468957 0
0.944149 -0.162988 0 0.340227 0.470845 0
0.947498 -0.158271 0 0.329515 0.472664 0
0.95074 -0.153535 0 0.318849 0.474416 0
0.953875 -0.148783 0 0.308227 0.476102 0
0.956904 -0.144013 0 0.297646 0.477724 0
0.959828 -0.139228 0 0.287106 0.479281 0
0.962647 -0.134428 0 0.276604 0.480776 0
0.96536 -0.129613 0 0.266139 0.482209 0
0.96797 -0.124784 0 0.25571 0.483582 0
0.970475 -0.119942 0 0.245314 0.484894 0
0.972876 -0.115086 0 0.234951 0.486147 0
0.975174 -0.110219 0 0.224619 0.487342 0
0.977368 -0.10534 0 0.214316 0.48848 0
0.97946 -0.100449 0 0.204041 0.48956 0
0.981449 -0.0955486 0 0.193793 0.490585 0
0.983336 -0.0906379 0 0.183569 0.491554 0
0.985121 -0.0857177 0 0.173369 0.492467 0
0.986804 -0.0807887 0 0.163192 0.493327 0
0.988385 -0.0758514 0 0.153035 0.494132 0
0.989864 -0.0709063 0 0.142898 0.494884 0
0.991243 -0.0659539 0 0.132779 0.495583 0
0.99252 -0.0609948 0 0.122677 0.49623 0
0.993696 -0.0560295 0 0.112591 0.496824 0
0.994772 -0.0510585 0 0.102518 0.497367 0
0.995747 -0.0460823 0 0.0924592 0.497858 0
0.996621 -0.0411015 0 0.0824115 0.498297 0
0.997395 -0.0361165 0 0.0723742 0.498686 0
0.998069 -0.0311279 0 0.0623459 0.499024 0
0.998642 -0.0261362 0 0.0523255 0.499311 0
0.999115 -0.0211419 0 0.0423117 0.499548 0
0.999488 -0.0161454 0 0.0323031 0.499735 0
0.999761 -0.0111473 0 0.0222986 0.499872 0
0.999934 -0.00614815 0 0.0122969 0.499958 0
1.00001 -0.00114835 0 0.00229668 0.499995 0
0.99998 0.00385157 0 -0.00770322 0.499981 0
0.999853 0.0088511 0 -0.0177041 0.499917 0
0.999626 0.0138498 0 -0.0277072 0.499804 0
0.999299 0.018847 0 -0.0377137 0.49964 0
0.998872 0.0238424 0 -0.047725 0.499426 0
0.998344 0.0288354 0 -0.0577422 0.499162 0
0.997717 0.0338255 0 -0.0677667 0.498847 0
0.996989 0.0388122 0 -0.0777997 0.498482 0
0.996161 0.0437949 0 -0.0878425 0.498066 0
0.995232 0.0487733 0 -0.0978963 0.497598 0
0.994203 0.0537467 0 -0.107962 0.49708 0
0.993073 0.0587147 0 -0.118042 0.496509 0
0.991842 0.0636767 0 -0.128137 0.495887 0
0.99051 0.0686323 0 -0.138248 0.495212 0
0.989077 0.0735808 0 -0.148377 0.494484 0
0.987542 0.0785218 0 -0.158524 0.493703 0
0.985906 0.0834547 0 -0.168692 0.492869 0
0.984169 0.088379 0 -0.178881 0.49198 0
0.982329 0.0932941 0 -0.189094 0.491037 0
0.980387 0.0981995 0 -0.19933 0.490038 0
0.978342 0.103095 0 -0.209593 0.488983 0
0.976195 0.107979 0 -0.219883 0.487872 0
0.973944 0.112852 0 -0.230202 0.486703 0
0.971591 0.117713 0 -0.24055 0.485477 0
0.969133 0.122561 0 -0.250931 0.484192 0
0.966572 0.127397 0 -0.261344 0.482847 0
0.963906 0.132218 0 -0.271793 0.481442 0
0.961136 0.137025 0 -0.282277 0.479976 0
0.958261 0.141817 0 -0.292799 0.478447 0
0.95528 0.146594 0 -0.303361 0.476855 0
0.952193 0.151354 0 -0.313964 0.475199 0
0.949 0.156098 0 -0.32461 0.473477 0
0.945701 0.160824 0 -0.335301 0.471689 0
0.942294 0.165531 0 -0.346037 0.469833 0
0.93878 0.17022 0 -0.356822 0.467908 0
0.935158 0.174889 0 -0.367657 0.465913 0
0.931427 0.179538 0 -0.378543 0.463845 0
0.927586 0.184166 0 -0.389483 0.461705 0
0.923637 0.188772 0 -0.400479 0.45949 0
0.919577 0.193355 0 -0.411532 0.457198 0
0.915406 0.197916 0 -0.422644 0.454829 0
0.911124 0.202452 0 -0.433819 0.452379 0
0.906729 0.206963 0 -0.445057 0.449848 0
0.902222 0.211448 0 -0.456361 0.447233 0
0.897602 0.215907 0 -0.467734 0.444533 0
0.892867 0.220339 0 -0.479177 0.441745 0
0.888018 0.224742 0 -0.490693 0.438867 0
0.883053 0.229116 0 -0.502285 0.435896 0
0.877972 0.233459 0 -0.513955 0.432831 0
0.872774 0.237772 0 -0.525705 0.429668 0
0.867458 0.242052 0 -0.537538 0.426405 0
0.862023 0.2463 0 -0.549457 0.423039 0
0.856468 0.250513 0 -0.561465 0.419568 0
0.850793 0.254691 0 -0.573564 0.415987 0
0.844997 0.258832 0 -0.585758 0.412295 0
0.839078 0.262936 0 -0.59805 0.408486 0
0.833035 0.267002 0 -0.610443 0.404559 0
0.826869 0.271027 0 -0.62294 0.400508 0
0.820576 0.275011 0 -0.635544 0.39633 0
0.814157 0.278953 0 -0.64826 0.392021 0
0.807611 0.282851 0 -0.66109 0.387576 0
0.800935 0.286704 0 -0.674039 0.382991 0
0.794129 0.290511 0 -0.687111 0.37826 0
0.787192 0.294269 0 -0.700309 0.37338 0
0.780123 0.297978 0 -0.713637 0.368343 0
0.772919 0.301635 0 -0.727101 0.363145 0
0.76558 0.30524 0 -0.740704 0.357778 0
0.758105 0.30879 0 -0.754452 0.352238 0
0.750491 0.312284 0 -0.768348 0.346517 0
0.742737 0.31572 0 -0.782399 0.340607 0
0.734842 0.319096 0 -0.796609 0.334502 0
0.726804 0.322409 0 -0.810984 0.328193 0
0.718622 0.325659 0 -0.825529 0.321671 0
0.710293 0.328842 0 -0.840251 0.314928 0
0.701816 0.331957 0 -0.855155 0.307953 0
0.69319 0.335 0 -0.870249 0.300736 0
0.684411 0.33797 0 -0.885538 0.293267 0
0.675478 0.340865 0 -0.901029 0.285533 0
0.66639 0.34368 0 -0.916731 0.277523 0
0.657143 0.346414 0 -0.93265 0.269222 0
0.647736 0.349064 0 -0.948794 0.260617 0
0.638166 0.351625 0 -0.965172 0.251693 0
0.628432 0.354096 0 -0.981792 0.242432 0
0.618529 0.356473 0 -0.998663 0.232817 0
0.608457 0.358751 0 -1.0158 0.22283 0
0.598213 0.360928 0 -1.0332 0.21245 0
0.587793 0.362999 0 -1.05088 0.201656 0
0.577194 0.36496 0 -1.06886 0.190424 0
0.566414 0.366806 0 -1.08713 0.178727 0
0.55545 0.368533 0 -1.10572 0.16654 0
0.544299 0.370135 0 -1.12464 0.153833 0
0.532956 0.371608 0 -1.1439 0.140572 0
0.52142 0.372945 0 -1.16351 0.126722 0
0.509685 0.37414 0 -1.18349 0.112247 0
0.497749 0.375187 0 -1.20385 0.0971027 0
0.485607 0.37608 0 -1.2246 0.0812452 0
0.473255 0.37681 0 -1.24577 0.064624 0
0.46069 0.377369 0 -1.26736 0.0471846 0
0.447906 0.37775 0 -1.2894 0.0288667 0
0.4349 0.377944 0 -1.3119 0.00960406 0
0.421667 0.377939 0 -1.33488 -0.0106765 0
0.408201 0.377726 0 -1.35835 -0.032056 0
0.394498 0.377294 0 -1.38234 -0.0546244 0
0.380553 0.37663 0 -1.40687 -0.0784818 0
0.366359 0.37572 0 -1.43194 -0.10374 0
0.351912 0.37455 0 -1.45757 -0.130524 0
0.337206 0.373104 0 -1.48379 -0.158974 0
0.322234 0.371364 0 -1.5106 -0.189247 0
0.306992 0.369312 0 -1.53801 -0.221524 0
0.291472 0.366926 0 -1.56603 -0.256005 0
0.275669 0.364184 0 -1.59466 -0.292922 0
0.259577 0.361059 0 -1.62389 -0.332536 0
0.243189 0.357523 0 -1.65369 -0.37515 0
0.226501 0.353545 0 -1.68404 -0.42111 0
0.209507 0.349088 0 -1.71487 -0.470817 0
0.192202 0.344114 0 -1.74609 -0.524735 0
0.174584 0.338578 0 -1.77759 -0.583404 0
0.15665 0.332428 0 -1.80919 -0.647458 0
0.138401 0.325608 0 -1.84062 -0.717638 0
0.119839 0.318052 0 -1.87155 -0.794817 0
0.100973 0.309685 0 -1.90148 -0.880023 0
0.0818154 0.300421 0 -1.92972 -0.97447 0
0.0623875 0.29016 0 -1.95531 -1.07959 0
0.0427224 0.278788 0 -1.97692 -1.19705 0
0.0228686 0.266172 0 -1.99266 -1.3288 0
0.00289757 0.252157 0 -1.99986 -1.47702 0
-0.0170879 0.236568 0 -1.9948 -1.64409 0
-0.0369402 0.219205 0 -1.97219 -1.83235 0
-0.056449 0.199844 0 -1.92469 -2.04366 0
-0.075318 0.178253 0 -1.84229 -2.27843 0
-0.0931354 0.154206 0 -1.71198 -2.53398 0
-0.109346 0.127532 0 -1.51831 -2.80181 0
-0.12324 0.0981864 0 -1.24625 -3.06424 0
-0.133981 0.0663605 0 -0.887678 -3.29221 0
-0.14073 0.0325816 0 -0.451104 -3.44846 0
-0.142847 -0.00225635 0 0.0315865 -3.49975 0
-0.14011 -0.0370186 0 0.510889 -3.43365 0
-0.132804 -0.0705887 0 0.93869 -3.26603 0
-0.121607 -0.102116 0 1.28613 -3.03162 0
-0.10737 -0.131122 0 1.5474 -2.7671 0
-0.0909151 -0.157451 0 1.732 -2.50009 0
-0.0729342 -0.181171 0 1.8553 -2.24689 0
-0.0539624 -0.202461 0 1.93253 -2.01508 0
-0.0343947 -0.221551 0 1.97632 -1.80682 0
-0.014515 -0.238674 0 1.99631 -1.62141 0
0.00547581 -0.254049 0 1.99953 -1.4569 0
0.0254367 -0.267874 0 1.99104 -1.31094 0
0.0452696 -0.280321 0 1.97442 -1.18115 0
0.0649065 -0.291543 0 1.9522 -1.06538 0
0.0843011 -0.301669 0 1.9262 -0.961728 0
0.103422 -0.310813 0 1.8977 -0.868548 0
0.12225 -0.319071 0 1.86761 -0.784441 0
0.140771 -0.326528 0 1.83659 -0.708219 0
0.15898 -0.333258 0 1.80512 -0.638875 0
0.176873 -0.339325 0 1.77352 -0.575554 0
0.194451 -0.344787 0 1.74205 -0.51753 0
0.211715 -0.349692 0 1.71087 -0.464184 0
0.22867 -0.354084 0 1.6801 -0.414986 0
0.245319 -0.358004 0 1.64982 -0.369478 0
0.261668 -0.361485 0 1.62009 -0.32727 0
0.277722 -0.364559 0 1.59094 -0.288019 0
0.293489 -0.367254 0 1.56239 -0.25143 0
0.308972 -0.369595 0 1.53444 -0.217246 0
0.324179 -0.371606 0 1.50711 -0.185238 0
0.339116 -0.373307 0 1.48038 -0.155209 0
0.353789 -0.374716 0 1.45424 -0.126982 0
0.368203 -0.375852 0 1.42867 -0.100403 0
0.382364 -0.376729 0 1.40367 -0.0753321 0
0.396278 -0.377363 0 1.37922 -0.0516469 0
0.409951 -0.377767 0 1.3553 -0.0292372 0
0.423386 -0.377952 0 1.33189 -0.00800423 0
0.43659 -0.37793 0 1.30897 0.0121407 0
0.449567 -0.377712 0 1.28653 0.0312775 0
0.462322 -0.377308 0 1.26455 0.0494786 0
0.47486 -0.376726 0 1.24302 0.0668093 0
0.487184 -0.375974 0 1.2219 0.083329 0
0.499299 -0.375062 0 1.2012 0.0990918 0
0.511209 -0.373995 0 1.18089 0.114147 0
0.522918 -0.372781 0 1.16096 0.12854 0
0.53443 -0.371426 0 1.1414 0.142311 0
0.545747 -0.369937 0 1.12219 0.155499 0
0.556875 -0.368318 0 1.10331 0.168138 0
0.567815 -0.366576 0 1.08476 0.18026 0
0.578571 -0.364714 0 1.06652 0.191895 0
0.589146 -0.362739 0 1.04859 0.203069 0
